Table DC 0
3 : 4 (000) 5 (001) 3 (010) 2 (011) 6 (100) 1 (101) 0 (110) 
4 : 7 (1110) 
5 : 8 (11110) 
6 : 9 (111110) 
7 : a (1111110) 
8 : b (11111110) 

Table DC 1
2 : 1 (00) 0 (01) 
3 : 2 (100) 3 (101) 
4 : 4 (1100) 5 (1101) 6 (1110) 
5 : 7 (11110) 
6 : 8 (111110) 
7 : 9 (1111110) 
8 : a (11111110) 
9 : b (111111110) 

Table DC 0
2 : 1 (00) 2 (01) 
3 : 3 (100) 
4 : 11 (1010) 4 (1011) 0 (1100) 
5 : 5 (11010) 21 (11011) 12 (11100) 
6 : 31 (111010) 41 (111011) 
7 : 51 (1111000) 6 (1111001) 13 (1111010) 61 (1111011) 
8 : 22 (11111000) 71 (11111001) 
9 : 81 (111110100) 14 (111110101) 32 (111110110) 91 (111110111) a1 (111111000) 7 (111111001) 
10 : 15 (1111110100) b1 (1111110101) 42 (1111110110) 23 (1111110111) c1 (1111111000) 52 (1111111001) d1 (1111111010) 
11 : e1 (11111110110) 33 (11111110111) 16 (11111111000) 
12 : 62 (111111110010) f0 (111111110011) 24 (111111110100) 72 (111111110101) 
13 : 82 (1111111101100) f1 (1111111101101) 
14 : 25 (11111111011100) 43 (11111111011101) 34 (11111111011110) 53 (11111111011111) 92 (11111111100000) a2 (11111111100001) 
15 : b2 (111111111000100) 63 (111111111000101) 
16 : 73 (1111111110001100) c2 (1111111110001101) 35 (1111111110001110) 44 (1111111110001111) 27 (1111111110010000) 93 (1111111110010001) a3 (1111111110010010) b3 (1111111110010011) 36 (1111111110010100) 17 (1111111110010101) 54 (1111111110010110) 64 (1111111110010111) 74 (1111111110011000) c3 (1111111110011001) d2 (1111111110011010) e2 (1111111110011011) 8 (1111111110011100) 26 (1111111110011101) 83 (1111111110011110) 9 (1111111110011111) a (1111111110100000) 18 (1111111110100001) 19 (1111111110100010) 84 (1111111110100011) 94 (1111111110100100) 45 (1111111110100101) 46 (1111111110100110) a4 (1111111110100111) b4 (1111111110101000) 56 (1111111110101001) d3 (1111111110101010) 55 (1111111110101011) 28 (1111111110101100) 1a (1111111110101101) f2 (1111111110101110) e3 (1111111110101111) f3 (1111111110110000) c4 (1111111110110001) d4 (1111111110110010) e4 (1111111110110011) f4 (1111111110110100) 65 (1111111110110101) 75 (1111111110110110) 85 (1111111110110111) 95 (1111111110111000) a5 (1111111110111001) b5 (1111111110111010) c5 (1111111110111011) d5 (1111111110111100) e5 (1111111110111101) f5 (1111111110111110) 66 (1111111110111111) 76 (1111111111000000) 86 (1111111111000001) 96 (1111111111000010) a6 (1111111111000011) b6 (1111111111000100) c6 (1111111111000101) d6 (1111111111000110) e6 (1111111111000111) f6 (1111111111001000) 37 (1111111111001001) 47 (1111111111001010) 57 (1111111111001011) 67 (1111111111001100) 77 (1111111111001101) 87 (1111111111001110) 97 (1111111111001111) a7 (1111111111010000) b7 (1111111111010001) c7 (1111111111010010) d7 (1111111111010011) e7 (1111111111010100) f7 (1111111111010101) 38 (1111111111010110) 48 (1111111111010111) 58 (1111111111011000) 68 (1111111111011001) 78 (1111111111011010) 88 (1111111111011011) 98 (1111111111011100) a8 (1111111111011101) b8 (1111111111011110) c8 (1111111111011111) d8 (1111111111100000) e8 (1111111111100001) f8 (1111111111100010) 29 (1111111111100011) 39 (1111111111100100) 49 (1111111111100101) 59 (1111111111100110) 69 (1111111111100111) 79 (1111111111101000) 89 (1111111111101001) 99 (1111111111101010) a9 (1111111111101011) b9 (1111111111101100) c9 (1111111111101101) d9 (1111111111101110) e9 (1111111111101111) f9 (1111111111110000) 2a (1111111111110001) 3a (1111111111110010) 4a (1111111111110011) 5a (1111111111110100) 6a (1111111111110101) 7a (1111111111110110) 8a (1111111111110111) 9a (1111111111111000) aa (1111111111111001) ba (1111111111111010) ca (1111111111111011) da (1111111111111100) ea (1111111111111101) fa (1111111111111110) 

Table DC 1
2 : 1 (00) 0 (01) 
3 : 2 (100) 11 (101) 
4 : 3 (1100) 
5 : 4 (11010) 21 (11011) 
6 : 12 (111000) 31 (111001) 41 (111010) 
7 : 5 (1110110) 51 (1110111) 13 (1111000) 61 (1111001) 22 (1111010) 
8 : 6 (11110110) 71 (11110111) 81 (11111000) 91 (11111001) 32 (11111010) 
9 : a1 (111110110) b1 (111110111) f0 (111111000) 14 (111111001) 
10 : c1 (1111110100) d1 (1111110101) e1 (1111110110) 23 (1111110111) 42 (1111111000) 
11 : 15 (11111110010) 52 (11111110011) 62 (11111110100) 72 (11111110101) f1 (11111110110) 33 (11111110111) 
12 : 24 (111111110000) 34 (111111110001) 43 (111111110010) 82 (111111110011) 
13 : 16 (1111111101000) 92 (1111111101001) 53 (1111111101010) 25 (1111111101011) a2 (1111111101100) 63 (1111111101101) b2 (1111111101110) c2 (1111111101111) 
14 : 7 (11111111100000) 73 (11111111100001) d2 (11111111100010) 
15 : 35 (111111111000110) e2 (111111111000111) 44 (111111111001000) 
16 : 83 (1111111110010010) 17 (1111111110010011) 54 (1111111110010100) 93 (1111111110010101) 8 (1111111110010110) 9 (1111111110010111) a (1111111110011000) 18 (1111111110011001) 19 (1111111110011010) 26 (1111111110011011) 36 (1111111110011100) 45 (1111111110011101) 1a (1111111110011110) 27 (1111111110011111) 64 (1111111110100000) 74 (1111111110100001) 55 (1111111110100010) 37 (1111111110100011) f2 (1111111110100100) a3 (1111111110100101) b3 (1111111110100110) c3 (1111111110100111) 28 (1111111110101000) 29 (1111111110101001) d3 (1111111110101010) e3 (1111111110101011) f3 (1111111110101100) 84 (1111111110101101) 94 (1111111110101110) a4 (1111111110101111) b4 (1111111110110000) c4 (1111111110110001) d4 (1111111110110010) e4 (1111111110110011) f4 (1111111110110100) 65 (1111111110110101) 75 (1111111110110110) 85 (1111111110110111) 95 (1111111110111000) a5 (1111111110111001) b5 (1111111110111010) c5 (1111111110111011) d5 (1111111110111100) e5 (1111111110111101) f5 (1111111110111110) 46 (1111111110111111) 56 (1111111111000000) 66 (1111111111000001) 76 (1111111111000010) 86 (1111111111000011) 96 (1111111111000100) a6 (1111111111000101) b6 (1111111111000110) c6 (1111111111000111) d6 (1111111111001000) e6 (1111111111001001) f6 (1111111111001010) 47 (1111111111001011) 57 (1111111111001100) 67 (1111111111001101) 77 (1111111111001110) 87 (1111111111001111) 97 (1111111111010000) a7 (1111111111010001) b7 (1111111111010010) c7 (1111111111010011) d7 (1111111111010100) e7 (1111111111010101) f7 (1111111111010110) 38 (1111111111010111) 48 (1111111111011000) 58 (1111111111011001) 68 (1111111111011010) 78 (1111111111011011) 88 (1111111111011100) 98 (1111111111011101) a8 (1111111111011110) b8 (1111111111011111) c8 (1111111111100000) d8 (1111111111100001) e8 (1111111111100010) f8 (1111111111100011) 39 (1111111111100100) 49 (1111111111100101) 59 (1111111111100110) 69 (1111111111100111) 79 (1111111111101000) 89 (1111111111101001) 99 (1111111111101010) a9 (1111111111101011) b9 (1111111111101100) c9 (1111111111101101) d9 (1111111111101110) e9 (1111111111101111) f9 (1111111111110000) 2a (1111111111110001) 3a (1111111111110010) 4a (1111111111110011) 5a (1111111111110100) 6a (1111111111110101) 7a (1111111111110110) 8a (1111111111110111) 9a (1111111111111000) aa (1111111111111001) ba (1111111111111010) ca (1111111111111011) da (1111111111111100) ea (1111111111111101) fa (1111111111111110) 


